0 -353.041 -247.282
1 -343.05 -206.935
2 -290.91 -199.733
3 -288.804 -188.21
4 -275.808 -183.854
5 -251.936 -193.943
6 -266.012 -181.62
7 -193.409 -132.423
8 -210.33 -107.969
9 -214.471 -127.994
10 -201.601 -96.3781
11 -179.84 -122.857
12 -201.112 -146.627
13 -197.833 -128.433
14 -173.346 -107.9
15 -169.171 -106.069
16 -150.808 -71.0738
17 -152.715 -74.4895
18 -127.919 -31.7914
19 -149.364 -26.3601
20 -105.428 -0.0216236
21 -138.002 17.5209
22 -98.4192 -1.97854
23 -91.8786 32.2251
24 -56.6527 78.7047
25 -56.3084 101.451
26 -43.5802 111.945
27 -41.1008 174.311
28 -5.57937 204.463
29 -14.6101 152.97
30 -15.6417 157.991
31 18.2067 201.908
32 35.4838 282.701
33 41.4889 225.717
34 35.5279 258.318
35 76.1368 335.899
36 80.3701 276.371
37 106.058 320.938
38 84.9918 285.156
39 105.422 343.058
40 120.125 334.329
41 150.541 379.246
42 170.136 425.409
43 153.024 401.445
44 137.627 319.996
45 164.495 318.486
46 192.883 389.724
47 191.334 469.754
48 265.892 505.92
49 236.363 475.203
50 248.253 464.459
51 297.471 598.277
52 260.324 537.053
53 319.443 643.165
54 317.738 668.913
55 362.573 617.711
56 285.842 427.696
57 330.139 702.389
58 405.823 751.401
59 401.93 594.813
60 416.392 749.855
61 457.82 922.983
62 455.228 703.171
63 435.255 698.981
64 440.55 659.795
65 476.217 668.892
66 472.525 697.072
67 557.658 1077.16
68 524.33 1003.76
69 496.442 1129.79
70 507.138 998.429
71 474.369 834.711
72 602.383 1213.06
73 590.993 886.881
74 517.005 864.192
75 676.996 1405.13
76 692.218 1516.67
77 658.62 1184.59
78 681.097 1250.76
79 609.8 862.461
80 708.707 1138.19
81 748.698 1051.18
82 711.97 1161.24
83 785.433 1204.01
84 783.049 1206.3
85 795.431 1538.15
86 788.629 1384.72
87 803.587 1564.92
88 861.191 1704.92
89 802.143 1144.35
90 822.233 1646.72
91 864.161 1605.76
92 888.005 1307.95
93 837.314 1796.13
94 933.444 1896.92
95 938.432 1629.89
96 886.71 1470.19
97 862.624 1420.38
98 954.613 1480.51
99 996.836 1952.97
100 -365.905 -247.282
101 -350.591 -206.935
102 -314.257 -199.733
103 -292.455 -188.21
104 -281.096 -183.854
105 -259.345 -193.943
106 -264.147 -181.62
107 -210.81 -132.423
108 -216.235 -107.969
109 -213.801 -127.994
110 -202.893 -96.3781
111 -187.804 -122.857
112 -207.379 -146.627
113 -194.313 -128.433
114 -177.262 -107.9
115 -180.689 -106.069
116 -158.712 -71.0738
117 -159.7 -74.4895
118 -138.816 -31.7914
119 -147.338 -26.3601
120 -118.248 -0.0216236
121 -132.789 17.5209
122 -108.568 -1.97854
123 -104.128 32.2251
124 -72.599 78.7047
125 -69.6129 101.451
126 -51.5048 111.945
127 -48.2288 174.311
128 -12.5118 204.463
129 -22.6314 152.97
130 -39.1928 157.991
131 5.96722 201.908
132 18.9191 282.701
133 35.4751 225.717
134 18.2039 258.318
135 55.6039 335.899
136 85.0515 276.371
137 99.9839 320.938
138 78.7207 285.156
139 92.9356 343.058
140 104.554 334.329
141 121.818 379.246
142 134.603 425.409
143 152.319 401.445
144 114.978 319.996
145 165.424 318.486
146 182.58 389.724
147 177.414 469.754
148 230.714 505.92
149 216.988 475.203
150 257.356 464.459
151 270.681 598.277
152 250.333 537.053
153 289.644 643.165
154 308.973 668.913
155 320.714 617.711
156 281.625 427.696
157 328.674 702.389
158 352.159 751.401
159 382.468 594.813
160 373.073 749.855
161 407.839 922.983
162 440.301 703.171
163 416.749 698.981
164 402.698 659.795
165 421.052 668.892
166 426.463 697.072
167 512.246 1077.16
168 494.926 1003.76
169 474.096 1129.79
170 494.857 998.429
171 484.244 834.711
172 562.008 1213.06
173 545.172 886.881
174 506.177 864.192
175 624.378 1405.13
176 631.489 1516.67
177 586.362 1184.59
178 637.236 1250.76
179 583.449 862.461
180 669.916 1138.19
181 683.109 1051.18
182 665.402 1161.24
183 712.873 1204.01
184 722.257 1206.3
185 725.131 1538.15
186 720.71 1384.72
187 751.991 1564.92
188 780.655 1704.92
189 750.8 1144.35
190 767.094 1646.72
191 793.787 1605.76
192 795.392 1307.95
193 794.469 1796.13
194 884.769 1896.92
195 855.326 1629.89
196 838.261 1470.19
197 806.018 1420.38
198 887.291 1480.51
199 907.23 1952.97
200 -374.975 -247.282
201 -359.87 -206.935
202 -319.169 -199.733
203 -296.958 -188.21
204 -282.252 -183.854
205 -266.139 -193.943
206 -267.475 -181.62
207 -215.715 -132.423
208 -217.461 -107.969
209 -221.431 -127.994
210 -204.705 -96.3781
211 -189.711 -122.857
212 -214.633 -146.627
213 -193.939 -128.433
214 -176.509 -107.9
215 -177.331 -106.069
216 -159.929 -71.0738
217 -157.699 -74.4895
218 -148.834 -31.7914
219 -157.989 -26.3601
220 -120.677 -0.0216236
221 -152.521 17.5209
222 -105.011 -1.97854
223 -122.964 32.2251
224 -84.1737 78.7047
225 -81.0518 101.451
226 -61.4349 111.945
227 -60.3688 174.311
228 -35.6679 204.463
229 -29.2866 152.97
230 -47.4324 157.991
231 -5.89146 201.908
232 5.72528 282.701
233 24.3837 225.717
234 2.93262 258.318
235 54.0596 335.899
236 67.6504 276.371
237 85.7883 320.938
238 80.0025 285.156
239 91.212 343.058
240 95.9507 334.329
241 115.97 379.246
242 133.481 425.409
243 133.95 401.445
244 126.088 319.996
245 179.308 318.486
246 212.049 389.724
247 217.642 469.754
248 226.183 505.92
249 209.256 475.203
250 274.786 464.459
251 284.534 598.277
252 289.191 537.053
253 319.256 643.165
254 333.533 668.913
255 336.752 617.711
256 294.929 427.696
257 346.452 702.389
258 379.248 751.401
259 396.344 594.813
260 398.627 749.855
261 432.385 922.983
262 455.211 703.171
263 436.826 698.981
264 435.263 659.795
265 452.913 668.892
266 470.119 697.072
267 557.09 1077.16
268 543.212 1003.76
269 534.975 1129.79
270 557.565 998.429
271 556.693 834.711
272 591.074 1213.06
273 563.076 886.881
274 539.857 864.192
275 648.103 1405.13
276 682.581 1516.67
277 630.304 1184.59
278 655.478 1250.76
279 587.34 862.461
280 684.308 1138.19
281 696.228 1051.18
282 671.962 1161.24
283 728.871 1204.01
284 710.372 1206.3
285 744.733 1538.15
286 745.443 1384.72
287 823.48 1564.92
288 823.257 1704.92
289 745.164 1144.35
290 836.821 1646.72
291 825.147 1605.76
292 856.02 1307.95
293 887.714 1796.13
294 946.552 1896.92
295 935.552 1629.89
296 843.491 1470.19
297 872.774 1420.38
298 919.181 1480.51
299 991.967 1952.97
300 -383.72 -247.282
301 -364.054 -206.935
302 -327.41 -199.733
303 -297.251 -188.21
304 -283.797 -183.854
305 -270.91 -193.943
306 -271.195 -181.62
307 -213.408 -132.423
308 -209.478 -107.969
309 -216.791 -127.994
310 -201.388 -96.3781
311 -189.207 -122.857
312 -211.99 -146.627
313 -194.128 -128.433
314 -183.36 -107.9
315 -182.778 -106.069
316 -169.565 -71.0738
317 -160.183 -74.4895
318 -146.032 -31.7914
319 -166.476 -26.3601
320 -123.043 -0.0216236
321 -155.864 17.5209
322 -115.469 -1.97854
323 -137.202 32.2251
324 -96.2503 78.7047
325 -94.4636 101.451
326 -70.5324 111.945
327 -68.3483 174.311
328 -45.9602 204.463
329 -45.1883 152.97
330 -58.0184 157.991
331 -19.3397 201.908
332 -2.06889 282.701
333 10.3644 225.717
334 -7.6862 258.318
335 49.7744 335.899
336 70.6356 276.371
337 84.878 320.938
338 88.5337 285.156
339 86.5376 343.058
340 91.6894 334.329
341 121.595 379.246
342 128.845 425.409
343 119.948 401.445
344 121.387 319.996
345 183.915 318.486
346 219.25 389.724
347 221.72 469.754
348 228.509 505.92
349 201.225 475.203
350 285.537 464.459
351 293.725 598.277
352 287.118 537.053
353 328.113 643.165
354 341.208 668.913
355 361.401 617.711
356 302.299 427.696
357 348.35 702.389
358 390.562 751.401
359 424.466 594.813
360 426.123 749.855
361 466.241 922.983
362 479.428 703.171
363 462.852 698.981
364 470.769 659.795
365 465.762 668.892
366 476.511 697.072
367 583.709 1077.16
368 576.072 1003.76
369 561.918 1129.79
370 597.309 998.429
371 582.904 834.711
372 634.864 1213.06
373 599.944 886.881
374 562.615 864.192
375 695.151 1405.13
376 724.69 1516.67
377 682.391 1184.59
378 706.563 1250.76
379 618.231 862.461
380 740.017 1138.19
381 746.959 1051.18
382 720.01 1161.24
383 788.044 1204.01
384 730.482 1206.3
385 812.788 1538.15
386 803.219 1384.72
387 883.543 1564.92
388 895.823 1704.92
389 791.794 1144.35
390 880.794 1646.72
391 883.358 1605.76
392 913.076 1307.95
393 943.193 1796.13
394 1017.28 1896.92
395 1000.06 1629.89
396 891.617 1470.19
397 933.832 1420.38
398 975.917 1480.51
399 1060.2 1952.97
400 -365.295 -247.282
401 -345.745 -206.935
402 -313.358 -199.733
403 -291.407 -188.21
404 -275.194 -183.854
405 -261.837 -193.943
406 -261.126 -181.62
407 -210.161 -132.423
408 -216.278 -107.969
409 -213.678 -127.994
410 -201.408 -96.3781
411 -186.393 -122.857
412 -205.335 -146.627
413 -187.685 -128.433
414 -180.191 -107.9
415 -179.596 -106.069
416 -164.742 -71.0738
417 -156.844 -74.4895
418 -140.871 -31.7914
419 -147.773 -26.3601
420 -119.748 -0.0216236
421 -148.642 17.5209
422 -106.891 -1.97854
423 -120.106 32.2251
424 -83.4012 78.7047
425 -79.1979 101.451
426 -60.0184 111.945
427 -57.063 174.311
428 -31.1592 204.463
429 -31.5014 152.97
430 -42.6265 157.991
431 2.24004 201.908
432 4.00802 282.701
433 22.2503 225.717
434 3.40632 258.318
435 54.7181 335.899
436 72.2351 276.371
437 94.5028 320.938
438 85.9177 285.156
439 83.8548 343.058
440 99.564 334.329
441 127.149 379.246
442 142.289 425.409
443 131.383 401.445
444 114.079 319.996
445 171.552 318.486
446 199.377 389.724
447 200.277 469.754
448 237.015 505.92
449 197.273 475.203
450 276.404 464.459
451 292.599 598.277
452 267.853 537.053
453 310.263 643.165
454 322.129 668.913
455 345.637 617.711
456 289.503 427.696
457 333.642 702.389
458 381.456 751.401
459 420.703 594.813
460 396.968 749.855
461 434.551 922.983
462 475.127 703.171
463 457.393 698.981
464 450.999 659.795
465 462.802 668.892
466 476.245 697.072
467 569.767 1077.16
468 549.159 1003.76
469 528.201 1129.79
470 554.652 998.429
471 547.726 834.711
472 609.74 1213.06
473 587.622 886.881
474 545.085 864.192
475 675.804 1405.13
476 680.038 1516.67
477 665.926 1184.59
478 687.098 1250.76
479 631.312 862.461
480 727.871 1138.19
481 742.033 1051.18
482 725.64 1161.24
483 757.338 1204.01
484 724.115 1206.3
485 808.689 1538.15
486 769.965 1384.72
487 827.057 1564.92
488 845.303 1704.92
489 783.176 1144.35
490 820.287 1646.72
491 864.669 1605.76
492 896.049 1307.95
493 871.376 1796.13
494 959.118 1896.92
495 949.987 1629.89
496 882.157 1470.19
497 900.34 1420.38
498 947.539 1480.51
499 1018.88 1952.97
500 -371.008 -247.282
501 -351.75 -206.935
502 -310.825 -199.733
503 -297.643 -188.21
504 -275.55 -183.854
505 -252.865 -193.943
506 -257.401 -181.62
507 -209.457 -132.423
508 -214.048 -107.969
509 -208.645 -127.994
510 -197.075 -96.3781
511 -187.162 -122.857
512 -201.373 -146.627
513 -185.17 -128.433
514 -181.225 -107.9
515 -175.316 -106.069
516 -164.249 -71.0738
517 -156.484 -74.4895
518 -135.687 -31.7914
519 -146.178 -26.3601
520 -119.799 -0.0216236
521 -134.21 17.5209
522 -108.029 -1.97854
523 -109.109 32.2251
524 -78.338 78.7047
525 -74.8374 101.451
526 -53.9364 111.945
527 -56.7685 174.311
528 -20.9661 204.463
529 -30.3762 152.97
530 -54.6412 157.991
531 -4.28453 201.908
532 0.614004 282.701
533 25.991 225.717
534 7.87324 258.318
535 43.4093 335.899
536 68.4663 276.371
537 82.4563 320.938
538 73.577 285.156
539 87.8709 343.058
540 73.9392 334.329
541 109.569 379.246
542 132.209 425.409
543 124.016 401.445
544 119.176 319.996
545 148.582 318.486
546 161.423 389.724
547 154.799 469.754
548 213.842 505.92
549 190.063 475.203
550 254.209 464.459
551 265.28 598.277
552 233.324 537.053
553 270.523 643.165
554 287.848 668.913
555 303.499 617.711
556 255.335 427.696
557 321.946 702.389
558 356.545 751.401
559 373.445 594.813
560 381.4 749.855
561 403.846 922.983
562 430.962 703.171
563 418.332 698.981
564 407.022 659.795
565 417.609 668.892
566 413.835 697.072
567 514.355 1077.16
568 501.128 1003.76
569 490.223 1129.79
570 533.412 998.429
571 497.074 834.711
572 558.993 1213.06
573 534.874 886.881
574 497.977 864.192
575 628.143 1405.13
576 666.343 1516.67
577 618.088 1184.59
578 639.735 1250.76
579 568.81 862.461
580 657.578 1138.19
581 696.155 1051.18
582 679.179 1161.24
583 713.688 1204.01
584 727.365 1206.3
585 764.063 1538.15
586 734.95 1384.72
587 780.054 1564.92
588 799.294 1704.92
589 753.515 1144.35
590 797.527 1646.72
591 828.367 1605.76
592 814.022 1307.95
593 805.795 1796.13
594 899.067 1896.92
595 885.976 1629.89
596 855.143 1470.19
597 831.638 1420.38
598 915.249 1480.51
599 957.875 1952.97
600 -395.528 -247.282
601 -370.609 -206.935
602 -329.897 -199.733
603 -301.121 -188.21
604 -290.159 -183.854
605 -266.603 -193.943
606 -275.071 -181.62
607 -224.601 -132.423
608 -223.575 -107.969
609 -219.559 -127.994
610 -216.92 -96.3781
611 -200.728 -122.857
612 -208.972 -146.627
613 -193.157 -128.433
614 -185.671 -107.9
615 -180.109 -106.069
616 -168.021 -71.0738
617 -168.621 -74.4895
618 -146.666 -31.7914
619 -158.543 -26.3601
620 -125.211 -0.0216236
621 -138.946 17.5209
622 -115.836 -1.97854
623 -119.4 32.2251
624 -85.3239 78.7047
625 -95.0202 101.451
626 -68.0638 111.945
627 -70.6226 174.311
628 -36.8564 204.463
629 -52.4053 152.97
630 -63.7949 157.991
631 -27.2151 201.908
632 -14.4572 282.701
633 4.8206 225.717
634 -11.8732 258.318
635 21.9059 335.899
636 49.4315 276.371
637 62.8562 320.938
638 56.3477 285.156
639 71.9027 343.058
640 70.3549 334.329
641 86.0118 379.246
642 99.9008 425.409
643 91.0809 401.445
644 102.281 319.996
645 127.68 318.486
646 150.278 389.724
647 138.579 469.754
648 196.964 505.92
649 170.883 475.203
650 233.27 464.459
651 246.435 598.277
652 228.829 537.053
653 237.577 643.165
654 258.459 668.913
655 277.117 617.711
656 252.712 427.696
657 286.9 702.389
658 333.957 751.401
659 372.302 594.813
660 375.935 749.855
661 376.278 922.983
662 434.203 703.171
663 408.558 698.981
664 404.325 659.795
665 419.288 668.892
666 412.173 697.072
667 468.331 1077.16
668 478.557 1003.76
669 478.267 1129.79
670 515.772 998.429
671 499.915 834.711
672 535.045 1213.06
673 513.766 886.881
674 490.116 864.192
675 592.478 1405.13
676 647.182 1516.67
677 631.677 1184.59
678 614.428 1250.76
679 574.577 862.461
680 641.729 1138.19
681 699.949 1051.18
682 661.677 1161.24
683 765.318 1204.01
684 732.943 1206.3
685 735.114 1538.15
686 744.727 1384.72
687 776.624 1564.92
688 792.556 1704.92
689 792.802 1144.35
690 816.598 1646.72
691 818.893 1605.76
692 858.891 1307.95
693 769.877 1796.13
694 911.318 1896.92
695 913.524 1629.89
696 834.831 1470.19
697 850.778 1420.38
698 942.601 1480.51
699 971.616 1952.97
700 -378.458 -247.282
701 -357.846 -206.935
702 -322.348 -199.733
703 -284.998 -188.21
704 -291.011 -183.854
705 -265.759 -193.943
706 -273.52 -181.62
707 -217.19 -132.423
708 -223.091 -107.969
709 -211.154 -127.994
710 -217.981 -96.3781
711 -198.055 -122.857
712 -207.114 -146.627
713 -197.714 -128.433
714 -180.566 -107.9
715 -182.518 -106.069
716 -168.013 -71.0738
717 -166.521 -74.4895
718 -143.479 -31.7914
719 -170.524 -26.3601
720 -128.573 -0.0216236
721 -136.626 17.5209
722 -113.29 -1.97854
723 -119.38 32.2251
724 -88.9581 78.7047
725 -91.8358 101.451
726 -74.0537 111.945
727 -69.6465 174.311
728 -38.2386 204.463
729 -57.354 152.97
730 -64.4751 157.991
731 -26.787 201.908
732 -18.6311 282.701
733 6.1985 225.717
734 -15.4226 258.318
735 21.7497 335.899
736 48.6685 276.371
737 61.8794 320.938
738 56.2851 285.156
739 69.3461 343.058
740 78.0306 334.329
741 84.5991 379.246
742 90.424 425.409
743 106.384 401.445
744 104.86 319.996
745 127.983 318.486
746 146.359 389.724
747 125.068 469.754
748 192.376 505.92
749 173.988 475.203
750 234.594 464.459
751 230.315 598.277
752 231.982 537.053
753 229.778 643.165
754 255.706 668.913
755 290.714 617.711
756 261.89 427.696
757 299.347 702.389
758 324.206 751.401
759 376.349 594.813
760 371.015 749.855
761 374.885 922.983
762 423.495 703.171
763 403.353 698.981
764 403.678 659.795
765 422.082 668.892
766 417.056 697.072
767 472.363 1077.16
768 478.489 1003.76
769 461.282 1129.79
770 502.315 998.429
771 510.928 834.711
772 529.481 1213.06
773 524.239 886.881
774 521.465 864.192
775 602.161 1405.13
776 633.199 1516.67
777 608.873 1184.59
778 604.821 1250.76
779 593.156 862.461
780 618.934 1138.19
781 699.802 1051.18
782 646.159 1161.24
783 764.91 1204.01
784 737.027 1206.3
785 720.802 1538.15
786 741.684 1384.72
787 780.404 1564.92
788 797.773 1704.92
789 798.78 1144.35
790 821.331 1646.72
791 781.64 1605.76
792 847.071 1307.95
793 771.679 1796.13
794 868.927 1896.92
795 913.296 1629.89
796 872.688 1470.19
797 879.749 1420.38
798 957.592 1480.51
799 965.908 1952.97
800 -370.187 -247.282
801 -352.246 -206.935
802 -315.226 -199.733
803 -285.062 -188.21
804 -283.395 -183.854
805 -264.876 -193.943
806 -269.545 -181.62
807 -212.603 -132.423
808 -233.365 -107.969
809 -223.255 -127.994
810 -204.507 -96.3781
811 -187.697 -122.857
812 -202.405 -146.627
813 -197.484 -128.433
814 -171.043 -107.9
815 -174.803 -106.069
816 -155.578 -71.0738
817 -151.311 -74.4895
818 -137.701 -31.7914
819 -148.314 -26.3601
820 -112.9 -0.0216236
821 -139.567 17.5209
822 -99.7698 -1.97854
823 -98.1876 32.2251
824 -61.8402 78.7047
825 -51.3313 101.451
826 -51.0168 111.945
827 -44.3973 174.311
828 -24.4662 204.463
829 -25.7075 152.97
830 -32.1589 157.991
831 5.06289 201.908
832 1.05027 282.701
833 31.3505 225.717
834 21.0444 258.318
835 51.7365 335.899
836 69.044 276.371
837 94.7325 320.938
838 86.9977 285.156
839 101.596 343.058
840 116.397 334.329
841 120.014 379.246
842 141.252 425.409
843 137.335 401.445
844 122.5 319.996
845 157.808 318.486
846 192.845 389.724
847 168.625 469.754
848 236.288 505.92
849 213.28 475.203
850 260.36 464.459
851 275.063 598.277
852 255.119 537.053
853 292.986 643.165
854 299.246 668.913
855 323.962 617.711
856 291.786 427.696
857 320.319 702.389
858 366.462 751.401
859 409.108 594.813
860 409.2 749.855
861 407.366 922.983
862 447.326 703.171
863 444.116 698.981
864 431.729 659.795
865 470.255 668.892
866 475.058 697.072
867 522.053 1077.16
868 509.352 1003.76
869 487.126 1129.79
870 506.498 998.429
871 506.304 834.711
872 541.43 1213.06
873 540.111 886.881
874 540.987 864.192
875 620.386 1405.13
876 640.302 1516.67
877 630.851 1184.59
878 622.578 1250.76
879 637.159 862.461
880 672.849 1138.19
881 731.393 1051.18
882 688.944 1161.24
883 763.218 1204.01
884 748.222 1206.3
885 774.093 1538.15
886 744.458 1384.72
887 780.922 1564.92
888 787.464 1704.92
889 831.419 1144.35
890 772.711 1646.72
891 817.609 1605.76
892 891.016 1307.95
893 759.981 1796.13
894 874.257 1896.92
895 904.741 1629.89
896 852.979 1470.19
897 854.254 1420.38
898 927.813 1480.51
899 961.738 1952.97
900 -375.672 -247.282
901 -351.614 -206.935
902 -318.412 -199.733
903 -292.882 -188.21
904 -283.029 -183.854
905 -265.217 -193.943
906 -270.996 -181.62
907 -222.472 -132.423
908 -235.16 -107.969
909 -224.322 -127.994
910 -203.028 -96.3781
911 -192.941 -122.857
912 -199.539 -146.627
913 -191.342 -128.433
914 -173.477 -107.9
915 -177.24 -106.069
916 -163.788 -71.0738
917 -152.423 -74.4895
918 -139.119 -31.7914
919 -140.139 -26.3601
920 -111.3 -0.0216236
921 -156.853 17.5209
922 -112.667 -1.97854
923 -111.624 32.2251
924 -78.6414 78.7047
925 -65.0643 101.451
926 -74.6683 111.945
927 -62.9861 174.311
928 -52.182 204.463
929 -47.3241 152.97
930 -40.6384 157.991
931 -12.4145 201.908
932 -32.4786 282.701
933 13.8271 225.717
934 11.2896 258.318
935 31.4743 335.899
936 49.4287 276.371
937 71.9104 320.938
938 81.8822 285.156
939 103.955 343.058
940 98.7149 334.329
941 124.924 379.246
942 140.87 425.409
943 114.222 401.445
944 114.791 319.996
945 144.291 318.486
946 178.24 389.724
947 154.913 469.754
948 221.143 505.92
949 187.786 475.203
950 249.234 464.459
951 273.499 598.277
952 243.325 537.053
953 279.227 643.165
954 277.004 668.913
955 302.254 617.711
956 270.242 427.696
957 306.068 702.389
958 357.26 751.401
959 389.057 594.813
960 410.205 749.855
961 389.636 922.983
962 443.001 703.171
963 451.028 698.981
964 428.035 659.795
965 461.149 668.892
966 471.509 697.072
967 506.765 1077.16
968 493.237 1003.76
969 509.194 1129.79
970 511.909 998.429
971 480.812 834.711
972 532.375 1213.06
973 523.842 886.881
974 514.104 864.192
975 604.373 1405.13
976 655.266 1516.67
977 674.644 1184.59
978 629.054 1250.76
979 632.937 862.461
980 702.473 1138.19
981 740.028 1051.18
982 733.418 1161.24
983 777.231 1204.01
984 749.854 1206.3
985 815.926 1538.15
986 775.438 1384.72
987 793.138 1564.92
988 785.171 1704.92
989 842.655 1144.35
990 761.397 1646.72
991 883.229 1605.76
992 907.04 1307.95
993 743.241 1796.13
994 901.426 1896.92
995 901.998 1629.89
996 829.635 1470.19
997 843.434 1420.38
998 936.978 1480.51
999 994.88 1952.97
